0,56 0,01 -0,19 0,11 -0,92 -0,18
0,52 0,04
0,64 -0,40
-0,60 -0,60
0,96 0,56
-0,24 0,56
-0,64 -0,28
-0,84 0,20
0,16 -0,04
0,08 0,64
-0,08 -0,88
-0,16 -0,96
0,12 -0,32
-0,40 -0,32
-0,12 0,88
-0,44 0,00
-0,68 0,00
-0,92 -0,96
-0,68 0,40
-0,64 -0,60
0,24 -0,08
-0,20 -0,68
-0,64 0,92
-0,60 -0,68
-0,04 0,96
-0,32 0,00
0,64 0,80
-0,76 0,96
0,68 -0,40
0,96 -0,44
0,52 -0,24
-0,16 0,80
-0,92 -0,08
0,76 -0,28
0,84 0,36
0,88 -0,24
0,12 0,52
-0,80 0,80
-0,24 0,00
-0,48 -0,04
0,76 0,80
-0,40 0,88
0,36 0,64
0,72 -0,96
0,64 -0,36
-0,64 -0,92
-0,12 0,96
0,48 0,16
-0,88 -0,92
-0,08 -0,60
0,00 0,52
-0,76 0,96
0,84 -0,32
0,16 -0,52
0,04 0,64
0,72 0,16
-0,92 -0,84
-0,28 -0,20
0,28 0,96
-0,68 0,00
-0,24 -0,40
-0,72 -0,48
0,68 0,12
-0,48 -0,24
-0,48 -0,64
-0,88 0,64
0,08 0,32
-0,44 -0,76
0,00 0,32
-0,04 0,56
0,24 0,28
-0,88 -0,72
0,20 -0,48
-0,52 0,96
-0,68 0,84
-0,56 0,84
0,64 -0,76
0,72 -0,08
0,40 0,16
0,24 0,60
-0,52 0,24
-0,24 0,96
-0,32 0,08
-0,48 0,60
-0,96 0,40
0,72 -0,36
0,24 0,00
-0,12 0,96
-1,00 -0,12
0,20 0,52
-0,68 0,96
-0,32 -0,56
0,12 0,32
-0,16 0,12
0,96 0,12
0,68 0,64
0,64 0,12
-0,64 0,48
-0,36 0,80
0,84 -0,32
-0,92 -0,68
